140 3 1 0
120 120 3
52 52 6
75 75 9
121 126 12
52 121 15
75 121 18
121 121 21
64 64 24
81 81 27
105 105 30
121 126 33
121 124 36
64 121 39
81 121 42
105 121 45
121 121 48
122 122 51
121 52:0 54
122 121 57
121 121 60
123 123 63
121 64:0 66
123 121 69
121 121 72
122 123 90
75:0 122 78
121 122 81
81:0 121 84
121 121 87
120 125 90
52 125 93
75 125 96
64 125 99
81 125 102
105 125 105
105:0 121 111
121 121 48
120 121 117
121 121 0
121 121 -1
120:0 - bubblesort_swapped
121:0 - Z
122:0 - a
123:0 - b
124:1 - dec
125:-1 - inc
126:127 - bubblesort_arg_p, points to start of null terminated array
666
777
54
63
73
92
1
4
3
535
434
191
0
